1029.00
735.00
1176.00
1029.00
1029.00
1029.00
1029.00
1176.00
1176.00
1029.00
1029.00
1029.00
735.00
1176.00
1176.00
1029.00
1029.00
1029.00
1176.00
1176.00
1029.00
1029.00
1029.00
1176.00
1176.00
1029.00
1029.00
1029.00
1029.00
1176.00
1176.00
1029.00
1029.00
1029.00
735.00
1176.00
1029.00
1029.00
1029.00
735.00
1176.00
1029.00
1029.00
1029.00
1029.00
735.00
1176.00
1029.00
1029.00
1029.00
735.00
1176.00
1176.00
1029.00
1029.00
1029.00
1176.00
1176.00
1029.00
1029.00
1029.00
735.00
1176.00
1176.00
1029.00
1029.00
1029.00
1176.00
1176.00
1029.00
1029.00
1029.00
1176.00
1176.00
1176.00
1029.00
1029.00
1029.00
1176.00
1176.00
1029.00
1029.00
1029.00
735.00
1176.00
1029.00
1029.00
1029.00
1029.00
1176.00
1176.00
1029.00
1029.00
1029.00
735.00
1176.00
1029.00
1029.00
1029.00
735.00
1176.00
1176.00
1029.00
1029.00
1029.00
1176.00
1176.00
1029.00
1029.00
1029.00
735.00
1176.00
1176.00
1029.00
1029.00
1029.00
1176.00
1176.00
1029.00
1029.00
1029.00
735.00
1176.00
1176.00
1029.00
1029.00
1029.00
1176.00
1176.00
1029.00
1029.00
1029.00
735.00
1176.00
1029.00
1029.00
1029.00
1029.00
1176.00
1176.00
1029.00
1029.00
1029.00
735.00
1176.00
1029.00
1029.00
1029.00
1029.00
1176.00
1176.00
1029.00
1029.00
1029.00
1176.00
1176.00
1029.00
1029.00
1029.00
735.00
1176.00
1029.00
1029.00
1029.00
1029.00
1176.00
1176.00
1029.00
1029.00
1029.00
735.00
1176.00
1176.00
1029.00
1029.00
1029.00
1176.00
1176.00
1029.00
1029.00
1029.00
1176.00
1176.00
1029.00
1029.00
1029.00
1029.00
1176.00
1176.00
1029.00
1029.00
1029.00
1176.00
1176.00
1029.00
1029.00
1029.00
1029.00
1176.00
1176.00
1029.00
1029.00
1029.00
1069.09
